%YAML:1.0
---
camera_matrix: !!opencv-matrix
   rows: 3
   cols: 3
   dt: d
   data: [ 1.1602261837998640e+03, 0., 6.5260217399980309e+02, 0.,
       1.1562969223635389e+03, 3.9390019126641710e+02, 0., 0., 1. ]
dist_coeffs: !!opencv-matrix
   rows: 1
   cols: 5
   dt: d
   data: [ -2.3250564166558998e-01, -1.7510998946338380e-01,
       1.0262500506455512e-03, -6.0853231927353897e-05,
       2.8969195970740924e-01 ]
map1: !!opencv-matrix
   rows: 0
   cols: 0
   dt: u
   data: []
map2: !!opencv-matrix
   rows: 0
   cols: 0
   dt: u
   data: []
must_init_undistort: 1
